1521001377.888765,0
1521001377.995592,6
1521001378.099267,12
1521001378.204762,18
1521001378.310292,25
1521001378.413639,31
1521001378.518650,38
1521001378.622143,44
1521001378.725574,50
1521001378.828889,57
1521001378.932018,65
1521001379.038284,73
1521001379.142966,80
1521001379.246292,88
1521001379.349661,95
1521001379.454808,99
1521001379.558624,100
1521001379.669832,100
1521001379.773823,100
1521001379.877348,99
1521001379.981057,100
1521001380.084220,100
1521001380.190195,99
1521001380.301396,100
1521001380.404431,100
1521001380.507709,99
1521001380.610890,100
1521001380.715956,99
1521001380.819543,100
1521001380.923155,99
1521001381.032911,98
1521001381.136126,99
1521001381.239118,100
1521001381.342363,99
1521001381.447124,99
1521001381.550491,98
1521001381.655036,99
1521001381.758302,99
1521001381.861432,100
1521001381.965237,99
1521001382.068461,100
1521001382.174395,99
1521001382.279270,99
1521001382.388485,100
1521001382.492524,99
1521001382.596786,98
1521001382.700548,98
1521001382.803550,96
1521001382.906849,95
1521001383.010629,97
1521001383.114853,96
1521001383.219126,96
1521001383.330962,100
1521001383.434157,99
1521001383.537559,100
1521001383.640501,99
1521001383.743449,100
1521001383.845876,99
1521001383.949706,99
1521001384.052961,99
1521001384.157094,99
1521001384.260328,100
1521001384.363867,99
1521001384.466944,86
1521001384.570378,96
1521001384.674161,99
1521001384.777945,100
1521001384.882205,98
1521001384.985660,88
1521001385.089056,76
1521001385.192589,62
1521001385.296784,53
1521001385.401097,52
1521001385.504540,51
1521001385.608372,52
1521001385.712332,55
1521001385.815508,69
1521001385.919430,77
1521001386.023663,84
1521001386.126906,91
1521001386.230438,97
1521001386.334462,99
1521001386.438702,99
1521001386.541922,97
1521001386.644752,91
1521001386.750212,88
1521001386.853403,85
1521001386.956697,85
1521001387.059871,83
1521001387.164043,80
1521001387.267869,80
1521001387.373024,78
1521001387.485382,94
1521001387.588521,97
1521001387.691833,97
1521001387.795009,97
1521001387.898378,96
1521001388.001603,97
1521001388.105110,96
1521001388.208450,98
1521001388.312034,97
1521001388.415284,93
1521001388.518422,86
1521001388.621529,81
1521001388.724666,75
1521001388.828250,69
1521001388.931861,62
1521001389.035860,57
1521001389.139460,50
1521001389.245070,43
1521001389.354342,35
1521001389.457676,26
1521001389.564016,24
1521001389.669194,26
1521001389.775332,26
1521001389.880217,26
1521001389.983831,26
1521001390.087151,26
1521001390.190927,25
1521001390.294246,25
1521001390.397252,25
1521001390.501376,25
1521001390.605467,26
1521001390.709594,26
1521001390.814031,26
1521001390.918199,26
1521001391.022662,26
1521001391.125948,26
1521001391.228726,26
1521001391.332023,26
1521001391.435713,26
1521001391.539014,26
1521001391.642353,26
1521001391.746413,26
1521001391.848971,27
1521001391.953087,27
1521001392.056870,27
1521001392.160579,27
1521001392.263787,27
1521001392.367053,27
1521001392.470432,29
1521001392.574668,28
1521001392.677966,28
1521001392.781081,28
1521001392.884414,28
1521001392.988761,28
1521001393.091702,28
1521001393.196213,28
1521001393.299722,28
1521001393.403115,28
1521001393.507032,28
1521001393.610403,28
1521001393.713789,29
1521001393.817410,28
1521001393.920525,28
1521001394.026482,28
1521001394.129643,28
1521001394.232784,28
1521001394.335976,29
1521001394.440779,30
1521001394.544830,30
1521001394.649116,31
1521001394.752843,30
1521001394.856645,30
1521001394.960186,30
1521001395.062982,30
1521001395.165961,30
1521001395.270262,30
1521001395.372896,30
1521001395.475995,30
1521001395.580218,30
1521001395.687461,30
1521001395.790642,30
1521001395.895417,30
1521001396.001851,30
1521001396.105947,30
1521001396.209245,30
1521001396.318274,28
1521001396.421620,28
1521001396.525938,29
1521001396.629353,29
1521001396.733549,30
1521001396.837834,28
1521001396.941047,28
1521001397.043712,28
1521001397.146781,28
1521001397.249430,27
1521001397.352600,37
1521001397.455576,36
1521001397.560036,37
1521001397.663117,37
1521001397.766641,34
1521001397.870216,31
1521001397.973230,31
1521001398.076631,31
1521001398.179738,31
1521001398.283115,31
1521001398.386717,31
1521001398.490641,31
1521001398.594274,32
1521001398.697591,32
1521001398.801782,32
1521001398.904937,32
1521001399.008050,32
1521001399.111575,32
1521001399.219018,32
1521001399.323101,32
1521001399.427099,33
1521001399.530318,33
1521001399.640062,33
1521001399.743348,33
1521001399.847021,33
1521001399.955594,33
1521001400.059137,32
1521001400.163690,33
1521001400.267036,33
1521001400.370290,33
1521001400.474892,33
1521001400.580299,33
1521001400.686823,33
1521001400.791009,33
1521001400.898843,34
1521001401.002316,34
1521001401.106045,33
1521001401.210954,34
1521001401.315486,34
1521001401.419824,34
1521001401.523048,34
1521001401.626290,34
1521001401.730376,34
1521001401.834355,34
1521001401.938422,34
1521001402.042717,34
1521001402.145695,34
1521001402.249982,36
1521001402.354216,35
1521001402.457240,35
1521001402.560570,35
1521001402.664016,35
1521001402.767244,35
1521001402.871223,35
1521001402.974057,34
1521001403.078141,33
1521001403.182140,34
1521001403.286012,34
1521001403.389361,35
1521001403.494593,30
1521001403.602490,31
1521001403.709232,30
1521001403.813231,31
1521001403.916730,31
1521001404.019589,41
1521001404.122865,41
1521001404.226252,41
1521001404.330278,41
1521001404.433214,41
1521001404.536798,36
1521001404.640342,34
1521001404.744123,34
1521001404.848647,34
1521001404.952604,34
1521001405.055665,34
1521001405.180018,33
1521001405.290311,34
1521001405.400840,34
1521001405.504143,34
1521001405.608418,35
1521001405.711823,35
1521001405.815194,34
1521001405.919291,35
1521001406.022306,35
1521001406.125413,35
1521001406.230173,35
1521001406.333539,36
1521001406.438213,36
1521001406.541075,37
1521001406.643964,36
1521001406.748361,36
1521001406.851800,36
1521001406.954869,36
1521001407.057880,36
1521001407.160784,36
1521001407.269645,35
1521001407.372685,36
1521001407.477364,37
1521001407.582449,36
1521001407.686021,36
1521001407.789593,36
1521001407.892917,36
1521001407.995682,37
1521001408.100801,37
1521001408.203985,37
1521001408.311530,37
1521001408.415335,37
1521001408.519404,37
1521001408.622619,37
1521001408.725750,37
1521001408.829693,37
1521001408.934001,37
1521001409.038046,37
1521001409.140915,38
1521001409.246013,37
1521001409.349541,37
1521001409.453322,38
1521001409.557882,38
1521001409.661746,38
1521001409.765929,38
1521001409.874463,38
1521001409.978010,38
1521001410.081904,38
1521001410.185216,37
1521001410.290408,37
1521001410.393144,37
1521001410.496185,37
1521001410.600030,37
1521001410.703100,33
1521001410.808509,33
1521001410.912553,33
1521001411.015731,33
1521001411.120011,33
1521001411.223788,33
1521001411.327175,32
1521001411.429891,32
1521001411.533587,32
1521001411.636568,32
1521001411.740152,33
1521001411.843745,32
1521001411.946736,32
1521001412.051406,31
1521001412.155205,32
1521001412.258208,32
1521001412.361842,32
1521001412.466021,32
1521001412.569178,32
1521001412.672217,32
1521001412.775365,32
1521001412.879659,32
1521001412.982788,33
1521001413.088059,33
1521001413.190918,33
1521001413.295496,33
1521001413.399769,33
1521001413.504260,33
1521001413.607395,33
1521001413.711938,33
1521001413.815212,33
1521001413.918335,33
1521001414.022756,33
1521001414.126719,33
1521001414.229910,32
1521001414.333473,33
1521001414.437429,33
1521001414.541507,33
1521001414.645523,33
1521001414.749410,33
1521001414.852764,33
1521001414.956100,33
1521001415.059174,33
1521001415.163268,33
1521001415.267577,35
1521001415.370814,35
1521001415.474008,35
1521001415.577641,35
1521001415.681052,36
