1521008167.139386,0
1521008167.243983,6
1521008167.347837,11
1521008167.458974,18
1521008167.562394,24
1521008167.665620,31
1521008167.770458,37
1521008167.874070,44
1521008167.978007,50
1521008168.081107,56
1521008168.186045,65
1521008168.294347,73
1521008168.402292,80
1521008168.508968,88
1521008168.612810,95
1521008168.716769,99
1521008168.821499,100
1521008168.925522,99
1521008169.028539,100
1521008169.134443,100
1521008169.237700,99
1521008169.342322,99
1521008169.445569,100
1521008169.549835,100
1521008169.653179,99
1521008169.756139,100
1521008169.860263,100
1521008169.963486,99
1521008170.066752,99
1521008170.170571,100
1521008170.274377,100
1521008170.380268,100
1521008170.483582,100
1521008170.587427,100
1521008170.691726,100
1521008170.795199,97
1521008170.904382,97
1521008171.008779,97
1521008171.111903,96
1521008171.215059,98
1521008171.318612,100
1521008171.421932,100
1521008171.525122,98
1521008171.628202,99
1521008171.733749,99
1521008171.837079,100
1521008171.940534,98
1521008172.044218,97
1521008172.147447,95
1521008172.252423,96
1521008172.355747,97
1521008172.459864,99
1521008172.564221,98
1521008172.667470,99
1521008172.770754,100
1521008172.874350,99
1521008172.980687,100
1521008173.085479,100
1521008173.190334,99
1521008173.293694,99
1521008173.396948,99
1521008173.500408,98
1521008173.603680,98
1521008173.706666,87
1521008173.810062,74
1521008173.914776,90
1521008174.018140,100
1521008174.121412,100
1521008174.227095,97
1521008174.331722,88
1521008174.436575,74
1521008174.540095,61
1521008174.644916,59
1521008174.748218,60
1521008174.851405,55
1521008174.954709,54
1521008175.057823,64
1521008175.161187,74
1521008175.266363,81
1521008175.369737,89
1521008175.472931,91
1521008175.577191,93
1521008175.680526,92
1521008175.783844,93
1521008175.888100,93
1521008175.992350,91
1521008176.096655,87
1521008176.199914,80
1521008176.303768,72
1521008176.407198,66
1521008176.510663,62
1521008176.614049,55
1521008176.717218,56
1521008176.821391,56
1521008176.925529,57
1521008177.029600,57
1521008177.133545,57
1521008177.236970,57
1521008177.341891,57
1521008177.445143,57
1521008177.548359,57
1521008177.652583,57
1521008177.756181,57
1521008177.860253,57
1521008177.965737,57
1521008178.070313,57
1521008178.178778,57
1521008178.282158,56
1521008178.387070,57
1521008178.491213,57
1521008178.594555,56
1521008178.698774,55
1521008178.802219,54
1521008178.906420,53
1521008179.009825,52
1521008179.114179,51
1521008179.218437,50
1521008179.322338,49
1521008179.427333,49
1521008179.530698,48
1521008179.640664,49
1521008179.745242,50
1521008179.849283,50
1521008179.953837,50
1521008180.058399,50
1521008180.162918,50
1521008180.270748,51
1521008180.380068,51
1521008180.484393,51
1521008180.590520,51
1521008180.694364,51
1521008180.799833,51
1521008180.903715,51
1521008181.009637,50
1521008181.113467,52
1521008181.216756,52
1521008181.321560,52
1521008181.426478,52
1521008181.531058,52
1521008181.634415,52
1521008181.737623,52
1521008181.840637,52
1521008181.943851,51
1521008182.048872,51
1521008182.156010,51
1521008182.260151,51
1521008182.363827,51
1521008182.467707,51
1521008182.572631,51
1521008182.681241,51
1521008182.791387,51
1521008182.895078,51
1521008182.999329,51
1521008183.104193,50
1521008183.208514,51
1521008183.312842,52
1521008183.417703,51
1521008183.527234,50
1521008183.631586,51
1521008183.737337,52
1521008183.841303,52
1521008183.944860,52
1521008184.048937,53
1521008184.152336,54
1521008184.255932,53
1521008184.361480,53
1521008184.465026,53
1521008184.569790,53
1521008184.673831,53
1521008184.778026,53
1521008184.883236,53
1521008184.986412,53
1521008185.090725,53
1521008185.195047,53
1521008185.300245,53
1521008185.404212,53
1521008185.507706,53
1521008185.611086,53
1521008185.714340,53
1521008185.817567,53
1521008185.920682,53
1521008186.024434,53
1521008186.127656,53
1521008186.231710,53
1521008186.336275,52
1521008186.440868,53
1521008186.544073,53
1521008186.647223,53
1521008186.753208,52
1521008186.856503,53
1521008186.960832,53
1521008187.064140,53
1521008187.168502,53
1521008187.272829,54
1521008187.377178,54
1521008187.482119,54
1521008187.585301,54
1521008187.689336,54
1521008187.793570,54
1521008187.897509,54
1521008188.000476,53
1521008188.103657,54
1521008188.206577,54
1521008188.311233,54
1521008188.415146,54
1521008188.518367,55
1521008188.621903,55
1521008188.725446,55
1521008188.829953,55
1521008188.934736,54
1521008189.039080,55
1521008189.143445,55
1521008189.246914,55
1521008189.352833,55
1521008189.456138,55
1521008189.559654,55
1521008189.663971,55
1521008189.767268,55
1521008189.873360,55
1521008189.977219,55
1521008190.080891,55
1521008190.185791,55
1521008190.290882,56
1521008190.394998,54
1521008190.499847,56
1521008190.605202,55
1521008190.708423,55
1521008190.811729,55
1521008190.917135,55
1521008191.021646,56
1521008191.124891,56
1521008191.228663,54
1521008191.334174,54
1521008191.438688,53
1521008191.544479,53
1521008191.649044,52
1521008191.753455,53
1521008191.856727,53
1521008191.959888,54
1521008192.063370,51
1521008192.171032,63
1521008192.275843,62
1521008192.379395,62
1521008192.483395,62
1521008192.586781,62
1521008192.691503,62
1521008192.796114,62
1521008192.899730,62
1521008193.003223,56
1521008193.106969,56
1521008193.210882,56
1521008193.314760,56
1521008193.417900,56
1521008193.523506,56
1521008193.627131,56
1521008193.730617,56
1521008193.835230,56
1521008193.942642,56
1521008194.046842,56
1521008194.150040,57
1521008194.255771,56
1521008194.359037,56
1521008194.463036,57
1521008194.567533,57
1521008194.671579,58
1521008194.776184,58
1521008194.880728,58
1521008194.985230,58
1521008195.089236,58
1521008195.197702,58
1521008195.300892,58
1521008195.405161,57
1521008195.509060,58
1521008195.613768,57
1521008195.717342,57
1521008195.821502,58
1521008195.926471,58
1521008196.030933,58
1521008196.134245,58
1521008196.238019,59
1521008196.343205,58
1521008196.447979,58
1521008196.552145,58
1521008196.656276,58
1521008196.760310,58
1521008196.865437,58
1521008196.968661,58
1521008197.072606,58
1521008197.177230,58
1521008197.281387,58
1521008197.386913,58
1521008197.490253,58
1521008197.593377,59
1521008197.697315,58
1521008197.800422,58
1521008197.903755,58
1521008198.007923,58
1521008198.111929,58
1521008198.215642,58
1521008198.319968,58
1521008198.423207,58
1521008198.528417,58
1521008198.631669,59
1521008198.736332,59
1521008198.839734,59
1521008198.946376,58
1521008199.050824,59
1521008199.155480,59
1521008199.258372,59
1521008199.362441,59
1521008199.466510,60
1521008199.569739,59
1521008199.674655,59
1521008199.779695,59
1521008199.884406,59
1521008199.989730,59
1521008200.094749,59
1521008200.198951,59
1521008200.302949,59
1521008200.408137,58
1521008200.513888,59
1521008200.617059,58
1521008200.720548,60
1521008200.823896,60
1521008200.928097,60
1521008201.031789,60
1521008201.135297,60
1521008201.239807,60
1521008201.345520,60
1521008201.449407,60
1521008201.553716,60
1521008201.658058,60
1521008201.761305,59
1521008201.865664,59
1521008201.969605,60
1521008202.073397,59
1521008202.178156,59
1521008202.282395,59
1521008202.388432,59
1521008202.494141,59
1521008202.598208,60
1521008202.702239,57
1521008202.806545,56
1521008202.910534,56
1521008203.013853,56
1521008203.118230,55
1521008203.222221,56
1521008203.326985,55
1521008203.431489,56
1521008203.535283,56
1521008203.639761,54
1521008203.743778,65
1521008203.850297,65
1521008203.955823,65
1521008204.062314,65
1521008204.167157,65
1521008204.272177,65
1521008204.380529,65
1521008204.491934,65
1521008204.602781,59
1521008204.706071,59
1521008204.810378,59
1521008204.915230,59
1521008205.019550,59
1521008205.123028,59
1521008205.229102,58
1521008205.334140,59
1521008205.437372,59
1521008205.541447,59
1521008205.645647,58
1521008205.750216,59
1521008205.853168,60
1521008205.956656,59
1521008206.061014,59
1521008206.164101,59
1521008206.268506,59
1521008206.372952,59
1521008206.476098,60
1521008206.581996,60
1521008206.686139,60
1521008206.793309,60
1521008206.896657,60
1521008207.002964,60
1521008207.106169,60
1521008207.214358,60
1521008207.323767,60
1521008207.428303,60
1521008207.532803,60
1521008207.635921,61
1521008207.739821,61
1521008207.843203,61
1521008207.949930,61
1521008208.053453,61
1521008208.157358,61
1521008208.261939,60
1521008208.367337,61
1521008208.473461,60
1521008208.577381,61
1521008208.684215,61
1521008208.788499,61
1521008208.893331,60
1521008208.996702,61
1521008209.101255,60
1521008209.204627,61
1521008209.307839,61
1521008209.414512,61
1521008209.517818,61
1521008209.622693,61
1521008209.725911,62
1521008209.830274,61
1521008209.934363,62
1521008210.037709,63
1521008210.142339,62
1521008210.245956,62
1521008210.350250,62
1521008210.453463,62
1521008210.557211,61
1521008210.663382,62
1521008210.766599,62
1521008210.871618,62
1521008210.975708,62
1521008211.079557,62
1521008211.184405,62
1521008211.287694,62
1521008211.392828,62
1521008211.496763,62
1521008211.602590,62
1521008211.706893,62
1521008211.810030,62
1521008211.915267,62
1521008212.022410,62
1521008212.126525,62
1521008212.229829,62
1521008212.334770,62
1521008212.438821,62
1521008212.542663,63
1521008212.646406,62
1521008212.752688,64
1521008212.856480,63
1521008212.959702,63
1521008213.063479,63
1521008213.166906,63
1521008213.273433,63
1521008213.381056,63
1521008213.485395,63
1521008213.589529,63
1521008213.694135,63
1521008213.797425,62
1521008213.901536,62
1521008214.004480,62
1521008214.107850,62
1521008214.211704,62
1521008214.317696,62
1521008214.422135,62
1521008214.527162,62
1521008214.635230,62
1521008214.738317,62
1521008214.842336,58
1521008214.946649,59
1521008215.051403,58
1521008215.154736,58
1521008215.258013,58
1521008215.361051,58
1521008215.464295,58
1521008215.567630,58
1521008215.671597,58
1521008215.776849,57
1521008215.880996,57
1521008215.986245,57
1521008216.107507,57
1521008216.210733,58
1521008216.317022,58
1521008216.420754,58
1521008216.523785,58
1521008216.627385,59
1521008216.730651,58
1521008216.834756,58
1521008216.938397,58
1521008217.047290,59
1521008217.156828,57
1521008217.266756,57
1521008217.370026,57
1521008217.473191,56
1521008217.578479,57
1521008217.682660,57
1521008217.788172,57
1521008217.891425,57
1521008217.997361,57
1521008218.100565,57
1521008218.204883,57
1521008218.308970,58
1521008218.412164,57
1521008218.516250,57
1521008218.628251,57
1521008218.732128,58
1521008218.836156,58
1521008218.946157,58
1521008219.050295,58
1521008219.154458,58
1521008219.258993,58
1521008219.365804,58
1521008219.469846,58
1521008219.573110,58
1521008219.676940,59
1521008219.780313,58
